        480
       1009
       1110
       1170
       1232
       1286
       1348
       1403
       1498
       1590
       1671
       1756
       1812
       1887
       1987
       2073
       2128
       2261
       2360
       2416
       2468
       2558
       2754
       2906
       3003
       3216
       3418
       3717
       3865
       3956
       4010
       4265
       4365
       4463
       4608
       4838
       4927
       5015
       5171
       5298
       5355
       5507
       5671
       5751
       5867
       5946
       6064
       6180
       6371
       6436
       6488
       6593
       6652
       6777
       6854
       6932
       7122
       7182
       7305
       7360
       7423
       7481
       7640
       7762
       7945
       8234
       8689
       9351
       9410
       9476
       9533
       9596
       9661
       9865
      10012
      10084
      10228
      10387
      10461
      10547
      10632
      10799
      10924
      11031
      11142
      11229
      11282
      11371
      11479
      11530
      11650
      11736
      11817
      11904
      11975
      12026
      12092
      12199
      12253
      12308
      12387
      12472
      12555
      12612
      12685
      12745
      12839
      12958
      13047
      13119
      13192
      13445
      13610
      13768
      13850
      13967
      14026
      14122
      14211
      14418
      14498
      14593
      14696
      14824
      14914
      14975
      15187
      15522
      15722
      15868
      16122
      16422
      16545
      16636
      16727
      16856
      16944
      17021
      17110
      17245
      17336
      17427
      17566
      17660
      17755
      17876
      18123
      18394
      18852
      19290
      19546
      19632
      19761
      19891
      20006
      20094
      20212
      20286
      20336
      20424
      20480
      20540
      20616
      20669
      20729
      20985
      21116
      21313
      21384
      21555
      21832
      21936
      22123
      22286
      22553
      22886
      22980
      23087
      23315
      23438
      23555
      23700
      23784
      23839
      23891
      24075
      24241
      24326
      24383
      24458
      24523
      24595
      24663
      24723
      24793
      24882
      24964
      25054
      25119
      25227
      25350
      25429
      25515
      25585
      25643
      25718
      25776
      25826
      25882
      25947
      26026
      26086
      26162
      26260
      26327
      26382
      26433
      26535
      26590
      26683
      26746
      26801
      26866
      26930
      26984
      27048
      27113
      27169
      27219
      27275
      27358
      27427
      27526
